29,17,29,29.20394909,95.66997327,5.959493188,211.2506267,coconut
37,56,25,22.05592283,19.60379304,5.774755143999999,126.7265372,kidneybeans
29,35,28,28.347161100000005,53.53903102,6.9674177660000005,90.40260445,mango
31,48,45,40.78881819,92.90951393,6.563134737,132.7923586,papaya
58,51,47,42.13473976,91.70445386,6.757470637000001,197.402901,papaya
36,43,24,27.09400578,43.65305437,3.510404312,41.53749535,mothbeans
89,54,38,24.51588066,83.53521629999999,6.685346424,230.4462359,rice
35,55,22,30.88883074,52.62696801,8.634929739,55.51932414,mothbeans
19,7,10,14.78003032,91.22062116,6.118430299,100.1961762,orange
30,65,82,20.71424384,15.27824066,7.103798069,76.77888672,chickpea
92,7,48,26.27520631,86.63249555,6.956508826,54.38748495,watermelon
86,6,53,25.92030221,83.47202566,6.921847887999999,42.10681516,watermelon
111,87,48,26.3985515,81.36028902,5.571401169,98.16752001,banana
23,37,24,28.77833449,44.2252605,7.991902443,33.95825723,mothbeans
37,23,12,31.52675982,90.50621806,6.395258356,113.1169398,orange
42,61,22,26.27274407,62.28814857,7.418650668,70.23207557,blackgram
29,22,40,23.62600218,89.73266695,6.145104401,107.6836871,pomegranate
23,35,18,26.4908332,47.36534833,5.414492777,36.99362831,mothbeans
78,37,22,25.34217103,63.31801994,6.330554389,74.52082026,maize
44,56,49,39.23342464,91.25589286,6.519779582999999,64.4478499,papaya
417,18.319104,34.697766,4.964888,107.472161,3,68,16,pigeonpeas
1936,22.000851,79.472710,7.388266,90.422242,113,38,25,cotton
787,29.632105,65.913600,7.421608,71.163320,44,55,25,blackgram
1386,26.275206,86.632496,6.956509,54.387485,92,7,48,watermelon
1717,32.661606,90.789317,6.927804,78.850855,38,51,52,papaya


25.757349,88.366685,6.025029,189.426348,74,46,45,jute
23.052764,60.424786,7.011121,52.602853,26,56,22,lentil
24.164023,76.743390,6.436692,61.946261,132,52,19,cotton
20.688999,59.437534,6.864794,103.651438,75,53,18,maize
27.718225,76.578532,6.036079,102.209984,93,81,50,banana
22.445813,89.901470,6.738016,109.390600,0,27,38,pomegranate
27.414350,63.417860,7.336117,44.431775,12,66,20,lentil
28.614091,57.142188,8.292876,57.028917,36,57,16,mothbeans
27.681673,94.473169,7.199106,113.999515,6,7,7,orange
22.190554,92.437642,5.830892,121.662276,29,138,197,apple
24.976695,83.891805,6.880431,204.800185,61,52,41,rice
21.186674,91.134357,6.321152,122.233323,8,120,201,apple
23.106938,67.062305,6.787659,162.576961,117,37,32,coffee
23.174033,87.882553,6.658770,160.621734,100,58,41,jute
22.301574,80.644165,6.043305,197.979121,84,51,35,rice
